2 4 7 3 10 1 9 1 10 6 7 6 10 3 8 8 2 1 4 9 0 5 4 9
0 9 0 1 1 10 5 3 0 0 3 10 4 4 7 5 2 1 2 6 3 6 7 6 9 8 8 3 2 1 2 9 0 7 10 4 8 1 8 4
0.46308724832214765
4 6 10 5 2 7 0 7 4 4 2 1 8 5 1 11 9 1 6 5 4 3 8 0
3 0 8 1 1 4 9 5 4 2 5 8 6 6 10 3 9 1 11 9 8 2 10 10 5 7 1 0 9 7 9 0 4 10 8 11 11 7 11 6
0.4647887323943662

8 7 2 3 4 5 1 5 8 9 2 9 6 3 7 11 10 5 7 1 8 0 6 1
0 1 6 5 5 4 10 3 8 4 3 6 7 7 2 0 10 5 11 9 3 4 2 9 1 5 7 3 10 5 10 1 8 2 4 11 11 5 11 7
0.4652777777777778

9 10 2 7 4 5 6 5 4 3 2 3 4 7 10 1 11 5 10 6 9 0 8 6
0 6 8 5 5 4 0 7 9 2 7 4 10 10 2 0 11 5 1 3 8 2 2 3 6 5 10 7 11 5 11 6 9 2 4 8 1 5 1 10
0.4657534246575342