[587, 571, 181, 320, 42, 447, 627, 697, 432, 451, 565, 675, 89, 460, 123, 492, 607, 343, 654, 588, 319, 219, 177, 504, 478, 357, 140, 36, 198, 134, 59, 43, 55, 655, 224, 698, 215, 634,
573, 484, 671, 427, 275, 155, 39, 613, 240, 249, 632, 518, 27, 326, 138, 430, 466, 241, 101, 604, 304, 268, 178, 359, 550, 166, 590, 201, 255, 622, 289, 659, 283, 566, 75, 356, 200, 578
, 347, 137, 97, 127, 122, 520, 1, 291, 589, 350, 454, 528, 485, 192, 204, 679, 628, 131, 193, 322, 321, 49, 279, 210, 13, 310, 35, 38, 151, 649, 425, 125, 394, 557, 399, 695, 479, 635,
381, 146, 552, 618, 25, 126, 12, 551, 340, 84, 266, 422, 108, 226, 526, 392, 457, 487, 52, 372, 290, 129, 677, 244, 163, 95, 530, 325, 159, 63, 434, 661, 10, 569, 543, 481, 307, 254, 92
, 228, 455, 702, 384, 6, 86, 171, 148, 696, 32, 211, 2, 360, 620, 242, 456, 65, 483, 342, 651, 687, 94, 207, 363, 77, 646, 256, 165, 630, 499, 439, 306, 693, 445, 586, 510, 152, 515, 56
1, 593, 282, 617, 102, 17, 652, 164, 592, 68, 246, 505, 517, 186, 85, 69, 621, 284, 568, 332, 47, 273, 305, 352, 474, 62, 546, 232, 53, 265, 277, 153, 354, 449, 91, 37, 396, 694, 680, 7
8, 385, 303, 691, 591, 157, 288, 374, 597, 184, 294, 562, 81, 100, 182, 105, 468, 324, 636, 14, 45, 382, 490, 139, 407, 218, 500, 495, 408, 415, 489, 158, 364, 535, 296, 345, 444, 493,
532, 179, 252, 19, 229, 300, 337, 346, 141, 301, 189, 57, 503, 317, 448, 438, 168, 516, 58, 491, 548, 162, 112, 606, 395, 173, 74, 197, 600, 231, 670, 467, 202, 183, 208, 330, 365, 142,
 353, 149, 110, 574, 631, 299, 144, 405, 4, 413, 464, 480, 203, 581, 313, 236, 579, 647, 608, 96, 185, 172, 390, 406, 309, 403, 642, 361, 245, 259, 389, 190, 461, 672, 542, 9, 540, 486,
 40, 435, 596, 117, 118, 559, 188, 133, 637, 312, 572, 220, 496, 541, 61, 598, 471, 285, 221, 619, 450, 111, 476, 130, 576, 264, 663, 248, 463, 549, 50, 99, 83, 682, 393, 690, 602, 348,
 626, 20, 235, 538, 199, 24, 419, 375, 287, 605, 11, 545, 494, 523, 156, 409, 293, 136, 658, 648, 323, 662, 367, 271, 570, 623, 560, 48, 327, 387, 114, 335, 87, 145, 311, 610, 239, 341,
 683, 267, 522, 176, 213, 261, 5, 423, 475, 420, 537, 383, 417, 441, 650, 539, 286, 376, 258, 251, 194, 525, 401, 533, 501, 488, 377, 233, 402, 529, 260, 692, 72, 263, 443, 344, 633, 60
1, 509, 214, 73, 253, 664, 41, 513, 227, 442, 31, 603, 703, 349, 180, 700, 373, 60, 51, 440, 329, 351, 665, 429, 79, 656, 223, 614, 424, 54, 247, 121, 315, 262, 336, 119, 120, 104, 150,
 71, 397, 416, 638, 90, 667, 594, 334, 209, 534, 205, 668, 7, 154, 338, 506, 674, 701, 684, 366, 580, 577, 660, 216, 640, 339, 371, 379, 21, 398, 426, 82, 15, 355, 195, 653, 400, 558, 6
44, 191, 609, 563, 234, 669, 26, 544, 243, 80, 272, 33, 160, 556, 521, 225, 547, 465, 553, 470, 453, 174, 685, 472, 116, 689, 624, 34, 281, 109, 196, 388, 270, 46, 676, 276, 250, 625, 2
78, 410, 257, 612, 169, 458, 206, 412, 135, 433, 512, 297, 147, 615, 686, 175, 404, 599, 527, 678, 280, 29, 643, 536, 514, 391, 583, 56, 462, 437, 673, 564, 666, 555, 106, 411, 657, 187
, 507, 688, 16, 328, 585, 699, 314, 3, 103, 446, 295, 519, 333, 274, 128, 292, 611, 482, 18, 380, 641, 477, 230, 524, 567, 575, 629, 681, 23, 107, 115, 28, 98, 222, 418, 414, 237, 616,
167, 459, 584, 378, 170, 431, 436, 316, 44, 473, 369, 8, 508, 143, 88, 511, 70, 386, 502, 554, 66, 161, 469, 362, 368, 113, 639, 331, 238, 76, 93, 22, 132, 452, 298, 428, 421, 124, 358,
 370, 498, 64, 269, 308, 212, 582, 497, 30, 302, 595, 531, 217, 67, 645, 318]
 20113.997070725243 > 19678.06